// Item Craft Database
// Coded by Gennosuke Kouga
//
// Structure of Database:
// Group,NameID,AmountMin,AmountMax,RecipeLv,Material1,Qty1,...
//
// Comments:
// Group: Items can be grouped together if same crafting methods exist.
// NameID: The Item to be created
// AmountMin: Minimum amount gain
// AmountMax: Maximum amount gain after creation
// RecipeLv: Required Crafting Level
// Material: required material
// Qty: Qty of said required material

// 1: Handicrafting
1, 30008, 1, 2, 1, 1019, 1, 1061, 1 // Cut Lumber
1, 30029, 1, 2, 5, 7186, 1, 1061, 1 // Tough Rope
1, 30018, 1, 2, 11, 7117, 1, 1061, 1 // Repaired Books
1, 30030, 1, 2, 15, 902, 1, 1061, 1 // Trimmed Roots
1, 30024, 1, 2, 21, 7189, 1, 1061, 1 // Smooth Wooden Heart
1, 30019, 1, 2, 25, 733, 1, 1061, 1 // Repaired Diamond
1, 30023, 1, 2, 31, 7222, 1, 1061, 1 // Smooth Wood
1, 30020, 1, 2, 35, 7113, 1, 1061, 1 // Repaired Pharaoh Emblem

1, 30006, 1, 2,	2, 30035, 0, 1068, 1, 1056, 1, 30032, 1 // Barren Lumber
1, 30004, 1, 2, 3, 30035, 0, 30006, 2, 963, 1, 30033, 1 // Barren Block
1, 30005, 1, 2, 4, 30035, 0, 30004, 2, 7043, 1, 30034, 1 // Barren Board
1, 30021, 1, 2, 6, 30035, 0, 723, 1, 7041, 1 // Ruby Jewel
1, 30022, 1, 2, 7, 30035, 0, 726, 3, 7041, 1 // Sapphire Jewel
1, 30178, 1, 1, 8, 969, 1, 30021, 1 // Ruby Ring
1, 30179, 1, 1, 9, 969, 1, 30022, 1 // // Sapphire Ring
1, 30146, 1, 1, 10, 1035, 10, 30108, 6, 30004, 8, 30052, 1, 30056, 1 // Barren Whip
1, 30147, 1, 1, 10, 1050, 6, 30071, 6, 30004, 2, 30005, 3, 30056, 1 // Barren Guitar
1, 30148, 1, 1, 10, 7263, 5, 30123, 6, 30005, 4, 30052, 1, 30056, 1 // Barren Bow
1, 30149, 1, 1, 10, 7015, 1, 7111, 25, 30107, 3, 30005, 2, 30056, 1 // Barren Book
1, 30150, 1, 1, 10, 7799, 1, 30004, 9, 30052, 1, 30056, 1 // Barren Rod

1, 30027, 1, 2, 12, 30036, 0, 1067, 5, 1056, 1, 30032, 1 // Solid Lumber
1, 30025, 1, 2, 13, 30036, 0, 30027, 2, 963, 1, 30033, 1 // Solid Block
1, 30026, 1, 2, 14, 30036, 0, 30025, 2, 7043, 1, 30034, 1 // Solid Board
1, 30028, 1, 2, 16, 30036, 0, 728, 9, 7041, 1 // Topaz Jewel
1, 30031, 1, 2, 17, 30036, 0, 729, 27, 7041, 1 // Zircon Jewel
1, 30180, 1, 1, 18, 969, 1, 30028, 1 // Zircon Ring
1, 30181, 1, 1, 19, 969, 1, 30031, 1 // Topaz Ring
1, 30151, 1, 1, 20, 1035, 10, 30118, 6, 30025, 8, 30052, 1, 30056, 1 // Solid Whip
1, 30152, 1, 1, 20, 1050, 6, 30096, 6, 30025, 2, 30026, 3, 30056, 1 // Solid Guitar
1, 30153, 1, 1, 20, 7263, 5, 30145, 6, 30026, 4, 30052, 1, 30056, 1 // Solid Bow
1, 30154, 1, 1, 20, 7015, 1, 7111, 25, 30103, 3, 30026, 2, 30056, 1 // Solid Book
1, 30155, 1, 1, 20, 7799, 1, 30025, 9, 30052, 1, 30056, 1 // Solid Rod

1, 30013, 1, 2, 22, 30037, 0, 1066, 25, 1056, 1, 30032, 1 // Fine Grained Lumber
1, 30011, 1, 2, 23, 30037, 0, 30013, 2, 963, 1, 30033, 1 // Fine Grained Block
1, 30012, 1, 2, 24, 30037, 0, 30011, 2, 7043, 1, 30034, 1 // Fine Grained Board
1, 30010, 1, 2, 26, 30037, 0, 721, 81, 7041, 1 // Emerald Jewel
1, 30009, 1, 2, 27, 30037, 0, 730, 100, 7041, 1 // Diamond Jewel
1, 30182, 1, 1, 28, 969, 1, 30010, 1 // Emerald Ring
1, 30183, 1, 1, 29, 969, 1, 30009, 1 // 1 Carat Diamond Ring
1, 30156, 1, 1, 30, 1035, 10, 30118, 6, 30011, 8, 30052, 1, 30056, 1  // Fine Whip
1, 30157, 1, 1, 30, 1050, 6, 30081, 6, 30011, 2, 30012, 3, 30056, 1 // Fine Guitar
1, 30158, 1, 1, 30, 7263, 5, 30135, 6, 30012, 4, 30052, 1, 30056, 1 // Fine Bow
1, 30159, 1, 1, 30, 7015, 1,  7111, 25, 30117, 3, 30012, 2, 30056, 1 // Fine Book
1, 30160, 1, 1, 30, 7799, 1, 30011, 9, 30052, 1, 30056, 1 // Fine Rod

1, 30017, 1, 2, 32, 30038, 0, 30014, 2, 1056, 1, 30032, 1 // Heartwood Lumber
1, 30015, 1, 2, 33, 30038, 0, 30017, 2, 963, 1, 30033, 1 // Heartwood Block
1, 30016, 1, 2, 34, 30038, 0, 30015, 2, 7043, 1, 30034, 1 // Heartwood Board
1, 30003, 1, 2, 36, 30038, 0, 30002, 3, 7041, 1 // Asteria Jewel
1, 30001, 1, 2, 37, 30038, 0, 30000, 3, 7041, 1 // Andalusite Jewel
1, 30184, 1, 1, 38, 969, 1, 30003, 1 // Asteria Ring
1, 30185, 1, 1, 39, 969, 1, 30001, 1 // Andalusite Ring
1, 30161, 1, 1, 40, 1035, 10, 30115, 6, 30015, 8, 30052, 1, 30056, 1 // Heart Whip
1, 30162, 1, 1, 40, 1050, 6, 30059, 6, 30015, 2, 30016, 3, 30056, 1 // Heart Guitar
1, 30163, 1, 1, 40, 7263, 5, 30111, 6, 30016, 4, 30052, 1, 30056, 1 // Heart Bow
1, 30164, 1, 1, 40, 7015, 1,  7111, 25, 30113, 3, 30016, 2, 30056, 1 // Heart Book
1, 30165, 1, 1, 40, 7799, 1, 30015, 9, 30052, 1, 30056, 1 // Heart Rod

// 2: MetalCrafting

2, 30091, 1, 2, 1, 7110, 1, 613, 1 // Repaired Sword
2, 30039, 1, 2, 5, 7069, 1, 613, 1 // Repaired Armor
2, 30087, 1, 2, 11, 7753, 1, 613, 1 // Repaired Farmer's Utensil
2, 30090, 1, 2, 15, 7156, 1, 613, 1 // Repaired Shuriken
2, 30092, 1, 2, 21, 7167, 1, 613, 1 // Repaired Zipper
2, 30089, 1, 2, 25, 7215, 1, 613, 1 // Repaired Needle
2, 30040, 1, 2, 31, 7210, 1, 613, 1 // Repaired Armor Piece
2, 30088, 1, 2, 35, 7108, 1, 613, 1 // Repaired Shield

2, 30073, 1, 2, 2, 30058, 0, 998, 3, 30069, 1, 7098, 1 // Iron Ingot
2, 30075, 10, 20, 3, 30058, 0, 30073, 1, 30093, 1, 7098, 1 // Iron Rivet
2, 30074, 1, 2, 4, 30058, 0, 30073, 1, 30079, 1, 30078, 2 // Iron Plate
2, 30071, 5, 10, 6, 30058, 0, 30074, 1, 30080, 1 // Iron Band
2, 30076, 3, 6, 7, 30058, 0, 30073, 1, 30101, 3, 7098, 1 // Iron Tube
2, 30170, 100, 100, 8, 30076, 1, 30086, 1 // Iron Bullet
2, 30166, 1, 1, 9, 7043, 3, 30075, 5, 30074, 1, 30071, 20, 30076, 12 // Iron Gatling Gun
2, 30174, 1, 1, 9, 7043, 3, 30075, 40, 30071, 14 // Iron Katar
2, 30186, 1, 1, 10, 30075, 20, 30074, 3, 30071, 2, 30094, 1, 30095, 1 // Iron Greaves
2, 30187, 1, 1, 10, 30075, 25, 30074, 5, 30071, 3, 30094, 1, 30095, 1 // Iron Breastplate
2, 30188, 1, 1, 10, 30075, 15, 30074, 2, 30071, 14, 30094, 1, 30095, 1 // Iron Spaulders
2, 30189, 1, 1, 10, 30075, 15, 30074, 4, 30071, 6, 30094, 1, 30095, 1 // Iron Shield
2, 30190, 1, 1, 10, 30075, 15, 30074, 3, 30071, 10, 30094, 1, 30095, 1 // Iron Mask

2, 30097, 1, 2, 12, 30070, 0, 999, 3, 30069, 1, 7098, 1 // Steel Ingot
2, 30099, 10, 20, 13, 30070, 0, 30097, 1, 30093, 1, 7098, 1 // Steel Rivet
2, 30098, 1, 2, 14, 30070, 0, 30097, 1, 30079, 1, 30078, 4 // Steel Plate
2, 30096, 5, 10, 16, 30070, 0, 30098, 1, 30080, 1 // Steel Band
2, 30100, 3, 6, 17, 30070, 0, 30097, 1, 30101, 3, 7098, 1 // Steel Tube
2, 30171, 100, 100, 18, 30100, 1, 30086, 2 // Steel Bullet
2, 30167, 1, 1, 19, 7043, 3, 30099, 5, 30098, 1, 30096, 20, 30100, 12 // Steel Revolver
2, 30175, 1, 1, 19, 7043, 3, 30099, 40, 30096, 14 // Steel Katar
2, 30191, 1, 1, 20, 30099, 20, 30098, 3, 30096, 2, 30094, 1, 30095, 1 // Steel Greaves
2, 30192, 1, 1, 20, 30099, 25, 30098, 5, 30096, 3, 30094, 1, 30095, 1 // Steel Breastplate
2, 30193, 1, 1, 20, 30099, 15, 30098, 2, 30096, 14, 30094, 1, 30095, 1 // Steel Spaulders
2, 30194, 1, 1, 20, 30099, 15, 30098, 4, 30096, 6, 30094, 1, 30095, 1 // Steel Shield
2, 30195, 1, 1, 20, 30099, 15, 30098, 3, 30096, 10, 30094, 1, 30095, 1 // Steel Mask

2, 30060, 1, 2, 22, 30057, 0, 985, 3, 30069, 1, 7098, 1 // Elunium Ingot
2, 30062, 10, 20, 23, 30057, 0, 30060, 1, 30093, 1, 7098, 1 // Elunium Rivet
2, 30061, 1, 2, 24, 30057, 0, 30060, 1, 30079, 1, 30078, 6 // Elunium Plate
2, 30059, 5, 10, 26, 30057, 0, 30061, 1, 30080, 1 // Elunium Band
2, 30082, 1, 2, 22, 30057, 0, 984, 3, 30069, 1, 7098, 1 // Oridecon Ingot
2, 30084, 10, 20, 23, 30057, 0, 30082, 1, 30093, 1, 7098, 1 // Oridecon Rivet
2, 30083, 1, 2, 24, 30057, 0, 30082, 1, 30079, 1, 30078, 6 // Oridecon Plate
2, 30081, 5, 10, 26, 30057, 0, 30083, 1, 30080, 1 // Oridecon Band
2, 30085, 3, 6, 27, 30057, 0, 30082, 1, 30101, 3, 7098, 1 // Oridecon Tube
2, 30172, 100, 100, 28, 30085, 1, 30086, 4 // Oridecon Bullet
2, 30168, 1, 1, 29, 7043, 3, 30084, 5, 30083, 1, 30081, 20, 30085, 12 // Oridecon Rifle
2, 30176, 1, 1, 29, 7043, 3, 30084, 40, 30081, 14 // Oridecon Katar
2, 30196, 1, 1, 30, 30062, 20, 30061, 3, 30059, 2, 30094, 1, 30095, 1 // Elunium Greaves
2, 30197, 1, 1, 30, 30062, 25, 30061, 5, 30059, 3, 30094, 1, 30095, 1 // Elunium Breastplate
2, 30198, 1, 1, 30, 30062, 15, 30061, 2, 30059, 14, 30094, 1, 30095, 1 // Elunium Spaulders
2, 30199, 1, 1, 30, 30062, 15, 30061, 4, 30059, 6, 30094, 1, 30095, 1 // Elunium Shield
2, 30200, 1, 1, 30, 30062, 15, 30061, 3, 30059, 10, 30094, 1, 30095, 1 // Elunium Mask

2, 30065, 1, 2, 32, 30077, 0, 30063, 3, 30069, 1, 7098, 1 // Hardened Steel Ingot
2, 30067, 10, 20, 33, 30077, 0, 30065, 1, 30093, 1, 7098, 1 // Hardened Steel Rivet
2, 30066, 1, 2, 34, 30077, 0, 30065, 1, 30079, 4, 30078, 8 // Hardened Steel Plate
2, 30064, 5, 10, 36, 30077, 0, 30066, 1, 30080, 1 // Hardened Steel Band
2, 30068, 3, 6, 37, 30077, 0, 30065, 1, 30101, 3, 7098, 1 // Hardened Steel Tube
2, 30173, 100, 100, 38, 30068, 1, 30086, 8 // Hardened Steel Bullet
2, 30169, 1, 1, 39, 7043, 3, 30062, 5, 30066, 1, 30064, 20, 30068, 12 // Hardened Steel Shotgun
2, 30177, 1, 1, 39, 7043, 3, 30067, 40, 30064, 14 // Hardened Steel Katar
2, 30201, 1, 1, 40, 30067, 20, 30066, 3, 30064, 2, 30094, 1, 30095, 1 // Hardened Steel Greaves
2, 30202, 1, 1, 40, 30067, 25, 30066, 5, 30064, 3, 30094, 1, 30095, 1 // Hardened Steel Breastplate
2, 30203, 1, 1, 40, 30067, 15, 30066, 2, 30064, 14, 30094, 1, 30095, 1 // Hardened Steel Spaulders
2, 30204, 1, 1, 40, 30067, 15, 30066, 4, 30064, 6, 30094, 1, 30095, 1 // Hardened Steel Shield
2, 30205, 1, 1, 40, 30067, 15, 30066, 3, 30064, 10, 30094, 1, 30095, 1 // Hardened Steel Mask

// 3: Tailoring
3, 30128, 1, 2, 1, 930, 1, 504, 1 // Repaired Bandage
3, 30129, 1, 2, 5, 7071, 1, 504, 1 // Repaired Clothes
3, 30131, 1, 2, 11, 1099, 1, 504, 1 // Repaired Prison Uniform
3, 30132, 1, 2, 15, 7751, 1, 504, 1 // Repaired White Cloth
3, 30130, 1, 2, 21, 7153, 1, 504, 1 // Repaired Kimono
3, 30136, 1, 2, 25, 7065, 1, 504, 1 // Sea Otter Fleece
3, 30112, 1, 2, 31, 1020, 1, 504, 1 // Course Black Fabric
3, 30141, 1, 2, 35, 1029, 1, 504, 1 // Tiger Skin Rug

3, 30122, 1, 2, 2, 30105, 0, 7126, 1, 905, 2, 30120, 1 // Flax Fibre
3, 30123, 1, 2, 3, 30105, 0, 7217, 1, 30122, 2, 30116, 1 // Flax Threads
3, 30121, 1, 2, 4, 30105, 0, 921, 1, 30123, 2, 30143, 1 // Flax Cloth
3, 30107, 1, 2, 6, 30105, 0, 7220, 1, 919, 3, 30127, 1 // Bonded Leather
3, 30108, 5, 10, 7, 30105, 0, 7139, 1, 30107, 1, 30126, 1 // Bonded Leather Lacing
3, 30206, 1, 1, 8, 30123, 1, 30108, 10, 30107, 4, 30137, 1, 30106, 1, 30140, 1 // Bonded Leather Sandals
3, 30207, 1, 1, 9, 30123, 1, 30108, 5, 30107, 7, 30137, 1, 30106, 1, 30140, 1 // Bonded Leather Suit
3, 30208, 1, 1, 10, 30123, 1, 30108, 5, 30107, 5, 30137, 1, 30106, 1, 30140, 1 // Bonded Leather Cloak
3, 30209, 1, 1, 10, 30123, 1, 30108, 15, 30107, 6, 30137, 1, 30106, 1, 30140, 1 // Bonded Leather Hat
3, 30222, 1, 1, 8, 30123, 1, 30121, 2, 30137, 1, 30106, 1, 30139, 1 // Flax Shoes
3, 30223, 1, 1, 9, 30123, 1, 30121, 3, 30137, 1, 30106, 1, 30119, 1 // Flax Vest
3, 30224, 1, 1, 10, 30123, 1, 30121, 2, 30137, 1, 30106, 1, 30119, 1 // Flax Hood
3, 30225, 1, 1, 10, 30123, 2, 30121, 2, 30137, 1, 30106, 1, 30139, 1 // Flax Hat

3, 30144, 1, 2, 12, 30124, 0, 7126, 1, 914, 2, 30120, 1 // Wool Fibre
3, 30145, 1, 2, 13, 30124, 0, 7217, 1, 30144, 2, 30116, 1 // Wool Thread
3, 30142, 1, 2, 14, 30124, 0, 921, 1, 30145, 2, 30143, 1 // Tweed
3, 30103, 1, 2, 16, 30124, 0, 7220, 1, 7003, 3, 30127, 1 // Alligator Leather
3, 30104, 5, 10, 17, 30124, 0, 7139, 1, 30103, 1, 30126, 1 // Alligator Skin Lacing
3, 30210, 1, 1, 18, 30145, 1, 30104, 10, 30103, 4, 30137, 1, 30106, 1, 30140, 1 // Alligator Leather Sandals
3, 30211, 1, 1, 19, 30145, 1, 30104, 5, 30103, 7, 30137, 1, 30106, 1, 30140, 1 // Alligator Leather Suit
3, 30212, 1, 1, 20, 30145, 1, 30104, 5, 30103, 5, 30137, 1, 30106, 1, 30140, 1 // Alligator Leather Cloak
3, 30213, 1, 1, 20, 30145, 1, 30104, 15, 30103, 6, 30137, 1, 30106, 1, 30140, 1 // Alligator Leather Hat
3, 30226, 1, 1, 18, 30145, 1, 30142, 2, 30137, 1, 30106, 1, 30139, 1 // Tweed Shoes
3, 30227, 1, 1, 19, 30145, 1, 30142, 3, 30137, 1, 30106, 1, 30119, 1 // Tweed Vest
3, 30228, 1, 1, 20, 30145, 1, 30142, 2, 30137, 1, 30106, 1, 30119, 1 // Tweed Hood
3, 30229, 1, 1, 20, 30145, 2, 30142, 2, 30137, 1, 30106, 1, 30139, 1 // Tweed Hat

3, 30134, 1, 2,22, 30102, 0, 7126, 1, 1025, 2, 30120, 1 // Satin Fibre
3, 30135, 1, 2, 23, 30102, 0, 7217, 1, 30134, 2, 30116, 1 // Satin Thread
3, 30133, 1, 2, 24, 30102, 0, 921, 1, 30135, 2, 30143, 1 // Satin
3, 30117, 1, 2, 26, 30102, 0, 7220, 1, 7123, 3, 30127, 1 // Dragon Leather
3, 30118, 5, 10, 27, 30102, 0, 7139, 1, 30117, 1, 30126, 1 // Dragon Skin Lacing
3, 30214, 1, 1, 28, 30135, 1, 30118, 10, 30117, 4, 30137, 1, 30106, 1, 30140, 1 // Dragon Leather Sandals
3, 30215, 1, 1, 29, 30135, 1, 30118, 5, 30117, 7, 30137, 1, 30106, 1, 30140, 1 // Dragon Leather Suit
3, 30216, 1, 1, 30, 30135, 1, 30118, 5, 30117, 5, 30137, 1, 30106, 1, 30140, 1 // Dragon Leather Cloak
3, 30217, 1, 1, 30, 30135, 1, 30118, 15, 30117, 6, 30137, 1, 30106, 1, 30140, 1 // Dragon Leather Hat
3, 30230, 1, 1, 28, 30135, 1, 30133, 2, 30137, 1, 30106, 1, 30139, 1 // Satin Shoes
3, 30231, 1, 1, 29, 30135, 1, 30133, 3, 30137, 1, 30106, 1, 30119, 1 // Satin Vest
3, 30232, 1, 1, 30, 30135, 1, 30133, 2, 30137, 1, 30106, 1, 30119, 1 // Satin Hood
3, 30233, 1, 1, 30, 30135, 2, 30133, 2, 30137, 1, 30106, 1, 30139, 1 // Satin Hat

3, 30110, 1, 2, 32, 30125, 0, 7126, 1, 30138, 2, 30120, 1 // Cashmere Fibre
3, 30111, 1, 2, 33, 30125, 0, 7217, 1, 30110, 2, 30116, 1 // Cashmere Thread
3, 30109, 1, 2, 34, 30125, 0, 921, 1, 30111, 2, 30143, 1 // Cashmere
3, 30113, 1, 2, 36, 30125, 0, 7220, 1, 30114, 3, 30127, 1 // Demon Leather
3, 30115, 5, 10, 37, 30125, 0, 7139, 1, 30113, 1, 30126, 1 // Demon Skin Lacing
3, 30218, 1, 1, 38, 30111, 1, 30115, 10, 30113, 4, 30137, 1, 30106, 1, 30140, 1 // Demon Leather Sandals
3, 30219, 1, 1, 39, 30111, 1, 30115, 5, 30113, 7, 30137, 1, 30106, 1, 30140, 1 // Demon Leather Suit
3, 30220, 1, 1, 40, 30111, 1, 30115, 5, 30113, 5, 30137, 1, 30106, 1, 30140, 1 // Demon Leather Cloak
3, 30221, 1, 1, 40, 30111, 1, 30115, 15, 30113, 6, 30137, 1, 30106, 1, 30140, 1 // Demon Leather Hat
3, 30234, 1, 1, 38, 30111, 1, 30109, 2, 30137, 1, 30106, 1, 30139, 1 // Cashmere Shoes
3, 30235, 1, 1, 39, 30111, 1, 30109, 3, 30137, 1, 30106, 1, 30119, 1 // Cashmere Vest
3, 30236, 1, 1, 40, 30111, 1, 30109, 2, 30137, 1, 30106, 1, 30119, 1 // Cashmere Hood
3, 30237, 1, 1, 40, 30111, 2, 30109, 2, 30137, 1, 30106, 1, 30139, 1 // Cashmere Hat
